start,end,length
0,26283,254.70900000000006
0,41888,767.7999999999998
1,42284,259.67400000000004
1,42282,291.83900000000006
2,43291,433.1479999999999
2,43286,552.424
3,1017,86.25800000000001
1017,3,86.25800000000001
3,1322,85.345
1322,3,85.345
3,4,138.033
4,3,138.033
4,1738,86.149
1738,4,86.149
4,1018,85.611
1018,4,85.611
4,5,134.771
5,4,134.771
5,1739,85.99
5,6,271.351
6,5,271.351
6,1020,86.109
6,45037,199.796
45037,6,199.796
7,45037,22.088
45037,7,22.088
7,8,55.925
8,7,55.925
7,439,93.39999999999999
8,9,142.26
9,8,142.26
8,831,85.583
831,8,85.583
9,1021,85.181
11,10,271.702
11,2159,81.61999999999999
12,45023,17.096
12,416,86.20899999999999
13,12,105.43299999999999
13,809,80.922
809,13,80.922
13,808,86.554
808,13,86.554
14,13,127.99300000000001
14,63,87.48
63,14,87.48
14,2108,82.185
2108,14,82.185
15,2327,267.007
2327,15,267.007
15,244,249.0
15,506,153.18399999999997
506,15,153.18399999999997
15,54717,29.606
54717,15,29.606
16,17,239.745
16,2326,201.183
2326,16,201.183
17,18,127.58500000000001
18,50586,215.27400000000003
18,2776,90.62
19,122,80.763
122,19,80.763
19,1313,80.571
1313,19,80.571
20,1666,80.824
20,19,273.332
21,20,271.735
21,2160,81.107
22,45039,16.91
23,22,109.255
23,811,80.699
811,23,80.699
23,812,80.27499999999999
812,23,80.27499999999999
24,23,215.284
24,1668,89.457
1668,24,89.457
24,2107,88.052
2107,24,88.052
25,791,101.449
791,25,101.449
25,790,127.633
790,25,127.633
26,43718,263.17999999999995
43718,26,263.17999999999995
26,2181,96.326
2181,26,96.326
26,1847,171.363
1847,26,171.363
27,28,83.201
28,27,83.201
27,43718,22.926000000000002
43718,27,22.926000000000002
27,45718,246.774
28,2295,171.551
2295,28,171.551
28,45331,244.92499999999998
45331,28,244.92499999999998
29,30,311.31399999999996
29,1749,76.599
30,965,41.435
31,34,27.203
34,31,27.203
31,3022,150.43399999999997
3022,31,150.43399999999997
32,31,55.69299999999999
33,32,78.949
33,2382,77.993
2382,33,77.993
33,35,23.061
34,275,66.408
275,34,66.408
34,35,129.856
35,49914,162.38
36,52070,79.923
37,45050,21.559
37,400,93.688
38,37,156.643
38,45151,79.99000000000001
39,53154,78.783
39,48792,80.347
48792,39,80.347
40,39,275.73099999999994
40,49269,99.1
49269,40,99.1
40,795,79.614
795,40,79.614
40,46790,79.18499999999999
46790,40,79.18499999999999
41,42,274.107
41,856,81.183
856,41,81.183
41,53189,79.735
53189,41,79.735
42,43,271.01500000000004
42,1760,80.0
43,45049,129.93
43,1633,79.952
44,45,127.523
44,423,79.182
45,46,213.47699999999998
45,815,79.78099999999999
815,45,79.78099999999999
45,816,78.857
816,45,78.857
46,1762,90.335
1762,46,90.335
46,1634,90.475
1634,46,90.475
47,44979,30.164
44979,47,30.164
47,41673,109.314
41673,47,109.314
48,41673,25.311
41673,48,25.311
48,45686,218.43300000000002
49,1253,53.7
50,1767,90.388
51,364,46.185
51,52,118.83199999999998
53,52587,86.85300000000001
53,2754,36.487
54,55,72.39099999999999
54,49840,56.54
55,56,80.472
56,42595,358.05400000000003
57,737,85.68100000000001
59,51327,103.14599999999999
59,1105,101.188
1105,59,101.188
59,49920,165.23399999999998
49920,59,165.23399999999998
59,42397,15.532
42397,59,15.532
61,42595,260.646
62,3157,97.88799999999999
63,54331,18.782
54331,63,18.782
63,312,88.02000000000001
312,63,88.02000000000001
63,808,142.72199999999998
808,63,142.72199999999998
64,3028,79.938
64,2829,147.21699999999998
65,55380,9.4
65,1290,78.925
66,2889,71.337
67,3043,29.703
67,42570,274.357
68,54331,275.96600000000007
68,60,544.4730000000001
69,2601,141.016
69,1596,84.377
1596,69,84.377
69,2209,86.007
2209,69,86.007
70,44003,44.358999999999995
44003,70,44.358999999999995
70,2210,77.963
2210,70,77.963
71,73,68.388
71,72,90.931
72,1195,14.631
72,144,82.49499999999999
73,56,76.472
73,42597,195.0
42597,73,195.0
73,2291,16.231
2291,73,16.231
74,55309,21.108
74,1726,176.22400000000002
1726,74,176.22400000000002
75,42565,271.057
76,42567,732.3910000000001
77,50484,3.421
77,78,116.857
78,951,63.845
951,78,63.845
78,50489,82.57
50489,78,82.57
79,2903,114.753
79,66,530.577
80,81,84.96600000000001
80,48045,153.064
48045,80,153.064
80,1033,76.82000000000001
1033,80,76.82000000000001
81,3110,151.16400000000002
81,49717,46.135999999999996
82,46094,252.512
82,46093,246.57299999999998
83,50271,164.867
50271,83,164.867
83,1989,83.08900000000001
84,3111,135.391
84,52900,80.137
85,154,117.78
86,88,59.343999999999994
87,2615,79.95
87,54747,170.254
88,3090,1940.49
89,42687,95.982
89,2614,78.433
90,42591,236.89
90,50581,28.95
91,43971,121.56199999999998
43971,91,121.56199999999998
91,802,115.65599999999999
802,91,115.65599999999999
91,1000,88.493
1000,91,88.493
92,42582,36.203
92,2256,79.487
93,2733,131.137
2733,93,131.137
93,94,116.47200000000001
94,161,533.307
95,96,122.072
95,50413,101.82499999999999
96,1826,241.86899999999997
97,41519,21.22
97,47258,60.698
98,1833,274.03299999999996
1833,98,274.03299999999996
99,43924,29.651
99,43925,65.77199999999999
100,104,132.781
100,101,133.751
101,109,88.47699999999999
101,102,36.784000000000006
102,49898,92.95399999999998
102,103,25.113999999999997
103,49363,102.43800000000002
103,50580,158.67999999999995
104,1457,130.498
104,1503,73.918
105,855,168.435
105,2316,274.625
2316,105,274.625
105,129,89.324
129,105,89.324
105,1318,86.04599999999999
1318,105,86.04599999999999
106,132,148.857
106,43917,146.11700000000002
107,106,110.53200000000001
108,51205,18.644
108,43918,158.03300000000002
43918,108,158.03300000000002
109,1275,131.053
109,1493,76.813
109,49898,134.887
110,111,100.57199999999999
110,2075,88.095
111,78,12.466
112,74,164.293
113,276,78.256
276,113,78.256
113,49714,134.546
113,2737,79.59100000000001
2737,113,79.59100000000001
114,130,15.531
114,115,401.584
115,43816,1189.184
116,554,73.948
554,116,73.948
116,117,140.08100000000002
117,44927,29.968000000000004
118,49365,5.467
118,41742,353.956
119,43931,143.549
119,2695,79.80900000000001
120,42609,296.62699999999995
120,119,59.07
121,1258,86.462
121,2430,118.429
122,2311,274.18199999999996
122,53188,86.13
53188,122,86.13
123,77,72.66099999999999
125,53362,29.135
126,611,14.532
127,1852,80.544
128,54331,123.98499999999999
54331,128,123.98499999999999
129,2317,274.253
129,135,232.098
135,129,232.098
130,116,78.22099999999999
131,43984,86.15799999999999
43984,131,86.15799999999999
131,46750,18.417
132,160,1047.727
133,134,119.76500000000001
133,43922,204.131
134,42611,130.803
135,1319,82.751
1319,135,82.751
136,1631,485.8979999999999
136,52588,297.49999999999994
137,52782,120.93999999999998
138,42612,30.471
139,897,133.335
139,42621,156.19299999999998
140,53194,112.876
140,53196,93.49
53196,140,93.49
141,42619,33.213
42619,141,33.213
142,50484,119.49400000000001
142,111,66.023
143,142,54.753
143,110,49.852000000000004
144,137,108.839
144,49736,28.292
145,48897,12.939
48897,145,12.939
145,44009,256.193
44009,145,256.193
145,2632,76.877
146,49728,23.987000000000002
49728,146,23.987000000000002
146,45154,357.31300000000005
45154,146,357.31300000000005
147,42608,633.0920000000001
147,151,259.67400000000004
147,50375,437.0339999999999
50375,147,437.0339999999999
148,42416,81.091
42416,148,81.091
148,1175,59.44800000000001
1175,148,59.44800000000001
148,2388,76.931
149,61,328.92499999999995
149,42594,271.20300000000003
150,44206,195.578
150,3118,91.60499999999999
151,51200,383.479
152,46009,37.293
152,3026,72.797
153,2888,160.788
154,53198,47.106
154,42573,901.9090000000001
155,43911,121.70899999999999
156,157,111.345
157,156,111.345
157,45160,192.101
45160,157,192.101
157,49728,350.526
49728,157,350.526
158,49619,101.651
158,49737,71.62
159,99,85.11100000000002
160,159,109.36399999999999
160,134,461.017
161,42592,110.23499999999999
161,1136,668.4569999999998
162,41434,163.637
162,2212,51.043
2212,162,51.043
162,313,39.803999999999995
313,162,39.803999999999995
163,50098,135.651
163,2886,172.662
164,163,169.678
165,2720,160.87499999999997
166,43746,18.308
43746,166,18.308
166,474,79.866
166,167,132.421
167,166,132.421
167,475,88.696
167,168,80.822
168,167,80.822
168,2112,225.22299999999998
168,169,82.34599999999999
169,168,82.34599999999999
169,477,123.39099999999999
169,170,78.513
170,169,78.513
170,2114,173.279
170,171,82.60300000000001
171,170,82.60300000000001
171,172,118.241
172,171,118.241
171,479,157.555
172,47534,105.30999999999999
47534,172,105.30999999999999
172,480,184.13099999999997
480,172,184.13099999999997
172,173,227.69299999999998
173,172,227.69299999999998
173,174,77.548
174,173,77.548
173,482,233.72899999999998
482,173,233.72899999999998
174,175,77.396
175,174,77.396
175,176,78.382
176,175,78.382
176,1295,127.82000000000001
176,177,77.407
177,176,77.407
177,486,171.359
177,178,79.221
178,177,79.221
178,546,202.35899999999998
178,179,77.91799999999999
179,178,77.91799999999999
179,488,149.25900000000001
179,180,56.432
180,179,56.432
180,181,79.26400000000001
181,180,79.26400000000001
181,490,134.43200000000002
181,182,73.289
182,181,73.289
182,41475,97.759
41475,182,97.759
182,3167,79.305
183,41478,77.75800000000001
41478,183,77.75800000000001
183,184,108.21999999999998
184,183,108.21999999999998
183,317,196.40099999999998
184,2377,85.516
2377,184,85.516
184,793,82.684
793,184,82.684
184,185,141.077
185,184,141.077
185,186,142.92000000000002
186,185,142.92000000000002
186,3030,81.21100000000001
3030,186,81.21100000000001
186,187,197.87
187,186,197.87
187,46035,76.597
46035,187,76.597
187,188,248.614
188,187,248.614
188,1491,308.769
1491,188,308.769
188,45142,268.892
45142,188,268.892
188,324,86.893
324,188,86.893
190,3179,35.362
3179,190,35.362
190,3145,75.977
3145,190,75.977
191,192,95.02499999999999
191,2391,39.596000000000004
192,193,58.203
192,3063,37.382999999999996
3063,192,37.382999999999996
192,2026,77.853
2026,192,77.853
193,2944,33.742
193,194,90.418
194,2028,65.53999999999999
2028,194,65.53999999999999
194,2384,30.226
2384,194,30.226
195,50411,63.16
195,54800,9.830000000000002
196,197,75.15
196,2478,88.904
2478,196,88.904
197,2479,86.93900000000001
198,199,89.296
198,2481,75.213
199,200,51.67
199,2703,76.727
200,201,85.395
200,52074,66.981
52074,200,66.981
200,2070,74.90599999999999
2070,200,74.90599999999999
201,202,31.415999999999997
202,203,116.19999999999999
202,1921,59.885
203,1871,42.411
203,204,135.663
204,647,71.724
204,959,52.114
205,206,115.41
205,1146,86.009
1146,205,86.009
205,2922,83.47599999999998
2922,205,83.47599999999998
205,2034,222.97999999999996
2034,205,222.97999999999996
206,207,64.718
207,208,59.346000000000004
207,1356,72.322
208,606,80.252
208,53310,30.033
209,1635,79.39099999999999
209,210,136.63500000000002
210,53320,135.31
53320,210,135.31
210,211,141.333
211,46189,14.166
46189,211,14.166
211,2837,231.63800000000003
212,328,116.167
212,3041,74.049
213,212,309.291
213,685,74.53099999999999
214,213,273.814
214,1945,74.431
215,214,274.183
215,52231,74.161
216,215,277.697
216,2423,74.051
217,218,224.07700000000003
217,216,269.908
218,2352,79.56
219,55238,8.914
55238,219,8.914
219,220,74.973
220,41845,59.237
41845,220,59.237
220,2055,76.04400000000001
2055,220,76.04400000000001
220,49910,64.17599999999999
49910,220,64.17599999999999
220,55238,74.837
221,688,78.338
222,1735,83.593
223,222,273.776
223,1371,78.58200000000001
224,55130,10.15
224,1736,82.65299999999999
225,3010,78.497
225,224,270.12600000000003
226,41666,17.933
41666,226,17.933
226,2463,170.497
226,41664,163.14600000000002
41664,226,163.14600000000002
227,2421,77.69
2421,227,77.69
227,41429,145.597
41429,227,145.597
228,45780,21.836
45780,228,21.836
228,227,132.355
228,45784,89.292
229,1581,87.71
230,229,79.081
231,230,79.261
231,2757,168.74900000000002
2757,231,168.74900000000002
232,231,79.149
232,2758,203.23900000000003
2758,232,203.23900000000003
233,232,452.93600000000004
233,1831,108.089
1831,233,108.089
234,2718,78.53
2718,234,78.53
234,233,494.7879999999999
234,1170,132.386
234,1831,396.923
1831,234,396.923
235,2923,84.43199999999999
2923,235,84.43199999999999
235,53309,38.657
53309,235,38.657
236,235,77.97899999999998
236,53288,149.972
53288,236,149.972
236,926,260.209
926,236,260.209
236,1726,121.45899999999997
1726,236,121.45899999999997
237,42566,205.07899999999998
237,53288,77.18400000000001
53288,237,77.18400000000001
238,1028,86.317
238,2558,155.853
239,238,62.767
240,1128,80.059
1128,240,80.059
240,1747,79.33099999999999
1747,240,79.33099999999999
241,240,134.244
241,46034,80.341
46034,241,80.341
241,1096,53.672999999999995
1096,241,53.672999999999995
242,241,97.32
242,1096,113.154
1096,242,113.154
242,1748,83.96799999999999
1748,242,83.96799999999999
243,244,84.29799999999999
244,243,84.29799999999999
243,505,51.422
505,243,51.422
243,504,134.519
504,243,134.519
244,3037,159.621
245,1806,79.13
246,336,85.013
248,1807,79.709
249,54811,278.75
249,50331,78.07300000000001
250,1717,79.09200000000001
250,251,274.1
251,741,78.17299999999999
251,252,265.426
252,50606,19.144
252,1718,83.059
253,46109,192.345
46109,253,192.345
253,53316,85.367
53316,253,85.367
253,2496,78.432
2496,253,78.432
254,46037,7.999
46037,254,7.999
254,255,30.322
254,506,176.286
506,254,176.286
255,46048,23.33
256,46048,77.385
46048,256,77.385
256,257,78.327
257,256,78.327
257,837,243.482
257,258,78.92599999999999
258,257,78.92599999999999
258,509,228.41599999999997
258,259,85.358
259,258,85.358
259,1023,121.148
1023,259,121.148
259,1024,117.395
1024,259,117.395
259,260,209.96699999999998
260,259,209.96699999999998
260,1742,118.926
1742,260,118.926
260,2505,121.86699999999999
2505,260,121.86699999999999
260,261,176.294
261,260,176.294
261,1743,118.97900000000001
1743,261,118.97900000000001
261,262,176.672
262,261,176.672
261,2624,122.114
2624,261,122.114
262,263,131.061
263,262,131.061
262,849,118.851
849,262,118.851
262,850,122.11399999999999
850,262,122.11399999999999
263,3098,90.445
3098,263,90.445
263,264,129.415
264,263,129.415
263,1744,118.76199999999999
1744,263,118.76199999999999
264,2532,27.281
2532,264,27.281
264,3098,156.828
3098,264,156.828
265,266,78.598
266,265,78.598
265,1930,88.29100000000001
1930,265,88.29100000000001
266,50093,49.231
266,267,79.328
267,266,79.328
267,268,80.699
268,267,80.699
268,1062,83.189
268,269,151.703
269,268,151.703
269,1931,52.391
269,50375,12.056
50375,269,12.056
271,45785,18.594
45785,271,18.594
271,13282,286.1449999999999
13282,271,286.1449999999999
271,522,167.53099999999998
272,1731,235.494
272,45773,75.553
273,272,106.743
273,1730,99.025
1730,273,99.025
274,273,87.905
275,921,218.99099999999999
275,1700,78.393
276,1539,217.17600000000002
276,277,79.292
277,276,79.292
277,278,81.139
278,277,81.139
277,2891,70.685
278,637,214.65299999999996
278,50602,54.182
278,279,78.10399999999998
279,278,78.10399999999998
279,280,79.91
280,279,79.91
280,281,79.70500000000001
281,280,79.70500000000001
281,2700,215.36999999999998
281,282,79.00699999999999
282,281,79.00699999999999
282,1694,214.34300000000002
282,283,79.55999999999999
283,282,79.55999999999999
283,46031,132.267
46031,283,132.267
283,284,79.039
284,283,79.039
284,3097,215.52200000000002
284,285,79.30799999999999
285,284,79.30799999999999
285,55308,62.989
55308,285,62.989
285,286,81.148
286,285,81.148
286,2456,215.974
286,50098,68.155
50098,286,68.155
286,287,85.992
287,286,85.992
287,44204,181.73899999999998
44204,287,181.73899999999998
287,1532,216.717
1532,287,216.717
287,288,86.653
288,287,86.653
288,44205,178.94299999999998
44205,288,178.94299999999998
288,1825,214.73
288,289,80.064
289,288,80.064
289,42587,216.82299999999998
42587,289,216.82299999999998
289,290,81.01
290,289,81.01
290,43916,225.924
43916,290,225.924
290,655,216.271
290,291,81.148
291,290,81.148
291,52410,218.553
52410,291,218.553
291,292,80.799
292,291,80.799
292,50413,222.865
292,2612,214.97599999999997
292,293,80.12599999999999
293,292,80.12599999999999
293,294,86.85
294,293,86.85
294,295,86.38499999999999
295,294,86.38499999999999
294,3112,216.01
3112,294,216.01
294,2905,227.99900000000002
2905,294,227.99900000000002
295,1803,226.897
295,296,80.43699999999998
296,295,80.43699999999998
296,2955,216.87199999999999
296,297,80.58
297,296,80.58
297,1896,226.9
297,298,80.30000000000001
298,297,80.30000000000001
298,2731,216.936
298,299,81.176
299,298,81.176
299,1354,226.68300000000002
299,300,80.119
300,299,80.119
300,3113,216.96
300,301,87.28999999999999
301,300,87.28999999999999
301,302,85.101
302,301,85.101
301,530,225.911
530,301,225.911
301,529,217.18599999999998
529,301,217.18599999999998
302,3035,216.767
302,303,79.563
303,302,79.563
303,2529,223.911
303,304,81.927
304,303,81.927
304,1546,216.006
304,305,77.93699999999998
305,304,77.93699999999998
305,306,83.92699999999999
306,305,83.92699999999999
305,1547,296.14
306,3114,215.839
306,52490,68.485
52490,306,68.485
307,49713,27.585
307,1133,34.038
308,1833,77.30600000000001
309,308,271.69399999999996
309,2158,87.105
310,45054,18.204
310,415,80.197
311,310,105.01100000000001
311,807,78.87599999999999
807,311,78.87599999999999
311,808,87.289
808,311,87.289
312,311,157.107
312,1835,80.12899999999999
1835,312,80.12899999999999
313,2211,79.30199999999999
2211,313,79.30199999999999
314,313,140.988
314,2374,88.66499999999999
2374,314,88.66499999999999
314,3071,79.11599999999999
3071,314,79.11599999999999
315,314,133.95700000000002
315,1085,79.487
1085,315,79.487
315,1086,88.306
1086,315,88.306
316,315,118.61200000000001
316,2820,79.46000000000001
2820,316,79.46000000000001
316,2375,88.185
2375,316,88.185
317,316,89.47200000000001
317,495,91.076
495,317,91.076
317,494,85.627
494,317,85.627
318,2377,116.334
318,183,85.425
319,318,84.17500000000001
320,41480,55.547
320,41476,92.939
321,54823,85.013
54823,321,85.013
321,2377,85.81799999999998
2377,321,85.81799999999998
321,319,112.605
321,322,398.998
322,44012,103.08
323,324,224.235
323,322,250.351
324,54971,327.719
325,1879,183.79
326,325,77.263
326,50460,145.50900000000001
327,3041,138.258
327,326,77.95300000000002
328,327,78.024
329,2349,92.983
329,328,78.373
330,329,86.75399999999999
330,50471,245.001
331,1734,43.857
1734,331,43.857
331,330,87.569
331,2538,110.94
2538,331,110.94
334,621,80.56099999999999
334,333,85.363
335,690,200.68200000000002
336,335,84.465
336,1806,139.918
337,1715,200.97
337,246,85.59100000000001
338,693,79.60600000000001
338,337,82.92500000000001
340,339,85.596
340,698,81.77
341,1973,165.03799999999998
341,340,83.296
342,700,132.932
342,341,79.329
343,342,85.25899999999999
343,1974,120.655
345,1976,74.36
345,344,82.15
346,345,87.6
346,1680,50.291000000000004
1680,346,50.291000000000004
349,1981,66.09700000000001
349,348,80.484
351,1982,81.62599999999999
351,350,80.12400000000001
352,1388,189.839
352,351,79.02799999999999
353,1984,88.387
354,353,77.681
355,1986,104.86
357,356,78.166
358,357,93.368
358,1393,94.55799999999999
1393,358,94.55799999999999
359,358,93.59799999999998
360,1485,97.27799999999999
360,55510,13.254999999999999
362,361,111.224
363,362,35.823
364,1252,105.859
364,363,32.628
365,1767,118.563
366,2021,133.321
366,365,71.31
367,3023,129.507
367,366,13.12
368,54693,132.854
369,54482,41.757999999999996
369,45725,140.924
370,2464,163.817
371,733,139.87
733,371,139.87
372,613,116.952
372,371,69.248
373,372,70.501
373,2949,170.00199999999998
2949,373,170.00199999999998
374,2480,146.32500000000002
374,52075,76.531
375,3020,176.746
375,374,77.03200000000001
376,2482,151.77100000000002
376,375,80.04599999999999
377,376,68.025
378,2071,82.33600000000001
2071,378,82.33600000000001
378,377,33.403
379,378,70.37299999999999
379,1923,80.673
380,379,120.86800000000001
380,2917,81.18599999999999
381,957,80.50500000000001
382,2142,80.69200000000001
383,2809,80.583
384,46185,15.427
384,2748,83.619
385,2486,115.224
385,45910,90.25599999999999
386,2049,82.32000000000001
386,385,81.295
387,2487,111.09700000000001
387,386,77.429
388,2811,80.64
388,387,78.758
390,1877,122.19000000000001
1877,390,122.19000000000001
390,389,65.858
391,2488,124.43799999999999
391,390,68.943
392,2788,228.958
392,391,74.65100000000001
393,392,75.134
394,3069,195.914
394,393,79.783
395,2617,104.797
395,394,86.332
396,1614,125.504
396,395,86.44000000000001
397,2061,80.978
2061,397,80.978
397,396,92.15200000000002
397,1818,97.356
1818,397,97.356
398,920,136.941
398,2398,52.778
399,398,106.58900000000001
401,45150,111.876
401,37,91.077
402,401,90.683
403,402,136.667
404,403,47.8
404,52476,19.826999999999998
405,404,93.14099999999999
405,1899,199.90699999999998
406,405,88.84900000000002
407,45051,18.574
407,406,89.772
408,407,89.14899999999999
408,46032,77.59100000000001
409,45030,20.851
409,408,90.53699999999999
410,45016,94.125
410,52524,42.57599999999999
52524,410,42.57599999999999
411,410,90.603
412,45020,20.195
412,411,85.06499999999998
413,805,158.202
413,412,82.383
414,45026,18.734
414,413,85.32000000000001
415,414,84.071
416,45017,17.446
45017,416,17.446
416,808,104.796
808,416,104.796
416,310,87.02799999999999
417,809,105.407
417,12,81.377
418,45058,18.051
418,417,80.8
419,418,79.815
419,811,107.57400000000001
420,22,81.177
420,812,114.874
421,45031,16.849
45031,421,16.849
421,813,120.85199999999999
813,421,120.85199999999999
421,420,87.444
422,421,85.675
422,814,126.85
423,45056,16.774
423,422,80.092
424,45038,18.028
424,44,79.43799999999999
425,424,81.333
425,817,127.905
426,45047,18.045
426,425,78.783
427,426,79.647
427,819,127.293
428,45060,19.236
428,427,79.792
429,428,79.418
429,45028,23.079
430,822,126.31099999999999
822,430,126.31099999999999
430,429,86.964
430,45055,22.573
45055,430,22.573
431,430,85.21200000000002
432,45044,18.258
432,431,79.465
433,825,127.398
433,432,80.171
434,45029,19.064
434,433,79.89800000000001
435,827,127.659
435,434,79.77499999999999
436,45053,19.745
436,435,79.164
437,829,126.73299999999999
437,436,80.45200000000001
438,45019,19.567
438,437,79.96199999999999
439,831,92.327
439,438,84.22500000000001
440,832,20.076
440,7,95.257
441,43982,79.279
441,2126,135.739
442,49385,18.944
49385,442,18.944
442,2127,116.774
2127,442,116.774
442,441,77.572
443,54055,135.845
443,442,82.826
444,43714,17.968
444,443,79.49399999999999
445,840,167.316
445,444,79.66100000000002
446,43716,17.707
446,445,80.302
447,50654,191.277
447,446,80.45600000000002
448,45719,85.188
449,52097,22.416
52097,449,22.416
449,2295,84.7
2295,449,84.7
449,27,169.411
450,43719,26.71
43719,450,26.71
450,53617,162.289
53617,450,162.289
450,449,81.477
451,47633,19.839
47633,451,19.839
451,1775,267.409
1775,451,267.409
451,53624,78.55
452,43721,19.957
43721,452,19.957
452,554,268.054
554,452,268.054
452,451,79.766
453,43722,20.81
43722,453,20.81
453,53621,165.74299999999997
453,53366,223.999
53366,453,223.999
454,2129,180.118
454,43724,78.307
455,47301,492.433
455,454,80.52000000000001
456,2130,193.688
456,455,78.77799999999999
457,43728,18.629
457,456,79.393
458,2131,185.27200000000002
458,457,79.231
459,43730,18.918
459,458,80.138
460,2132,145.164
460,459,78.643
461,43732,18.071
461,460,78.30199999999999
462,43733,19.594
43733,462,19.594
462,1224,135.98000000000002
1224,462,135.98000000000002
462,461,86.745
463,43734,19.91
463,462,84.543
464,2135,119.427
464,463,79.531
465,43736,19.682
465,464,79.23
466,1235,132.845
466,465,79.843
467,43738,18.616
467,466,78.635
468,467,78.596
468,2116,161.633
469,43740,20.144
469,468,79.849
470,469,79.792
470,2118,272.554
471,43742,18.418
43742,471,18.418
471,470,163.926
472,43743,18.234
472,471,85.773
473,2924,39.542
473,43991,53.55
474,43745,18.121
474,473,79.441
474,47536,86.071
47536,474,86.071
475,43747,18.311
475,166,79.182
476,168,106.25500000000001
476,475,78.851
477,43749,18.302
477,476,80.29299999999999
478,170,140.606
478,477,75.41699999999999
479,43751,18.307
479,478,82.31
480,43752,18.306
43752,480,18.306
480,479,95.72000000000001
481,43753,18.307
43753,481,18.307
481,480,87.28800000000001
482,43754,17.439
43754,482,17.439
482,54529,69.697
483,47530,11.365
483,47632,17.48
484,47531,40.871
47531,484,40.871
484,175,229.26899999999998
484,485,86.54999999999998
485,484,86.54999999999998
485,176,189.464
485,486,80.96499999999999
486,485,80.96499999999999
486,1079,100.50999999999999
486,487,84.106
487,486,84.106
487,178,159.138
487,488,84.13799999999999
488,487,84.13799999999999
488,2817,38.164
488,489,89.62700000000001
489,488,89.62700000000001
489,490,82.688
490,489,82.688
489,180,140.059
490,491,69.184
491,490,69.184
491,182,129.163
491,492,18.767
492,491,18.767
492,493,80.744
493,492,80.744
493,2819,121.956
493,494,80.599
494,493,80.599
494,41478,164.757
495,496,70.994
496,495,70.994
495,2375,73.854
2375,495,73.854
495,2376,84.47
2376,495,84.47
496,497,78.85499999999999
497,496,78.85499999999999
497,1773,94.724
1773,497,94.724
497,498,74.03399999999999
498,497,74.03399999999999
498,3036,85.011
3036,498,85.011
498,2822,105.485
2822,498,105.485
498,499,80.086
499,498,80.086
499,2823,116.39099999999999
499,500,56.037
500,499,56.037
500,2520,84.929
2520,500,84.929
500,501,114.12400000000001
501,500,114.12400000000001
501,1490,86.886
1490,501,86.886
501,502,135.039
502,501,135.039
502,2877,84.927
502,503,138.053
503,502,138.053
503,3037,83.41499999999999
3037,503,83.41499999999999
503,504,26.086
504,503,26.086
504,3003,106.97800000000001
3003,504,106.97800000000001
505,54717,95.214
54717,505,95.214
506,2328,180.48499999999999
2328,506,180.48499999999999
507,838,160.66699999999997
507,508,169.65699999999998
508,507,169.65699999999998
507,46047,91.91999999999999
46047,507,91.91999999999999
508,838,130.555
508,509,81.518
509,508,81.518
509,44011,33.574
44011,509,33.574
510,2091,97.948
510,511,129.885
511,510,129.885
510,44011,52.568
44011,510,52.568
511,1998,141.231
511,512,80.693
512,511,80.693
512,1742,119.899
1742,512,119.899
512,513,176.37900000000002
513,512,176.37900000000002
512,2506,98.417
2506,512,98.417
513,1743,117.704
1743,513,117.704
513,2986,99.064
2986,513,99.064
514,849,117.052
849,514,117.052
514,848,98.618
848,514,98.618
514,515,131.2
515,514,131.2
515,2987,108.988
2987,515,108.988
515,50773,22.924999999999997
50773,515,22.924999999999997
515,1744,104.245
1744,515,104.245
516,2813,190.88400000000001
516,517,92.843
517,516,92.843
516,50773,85.6
50773,516,85.6
517,518,86.43299999999999
518,517,86.43299999999999
518,630,101.754
518,519,96.467
519,518,96.467
519,3052,66.14699999999999
3052,519,66.14699999999999
519,520,85.92399999999999
520,519,85.92399999999999
520,45783,54.246
45783,520,54.246
520,2595,42.403
2595,520,42.403
521,228,81.48299999999999
522,45775,11.51
45775,522,11.51
522,45604,186.323
523,2797,86.68299999999999
524,44176,144.94599999999997
44176,524,144.94599999999997
524,2571,85.66300000000001
525,44176,17.31
44176,525,17.31
525,526,147.66
526,525,147.66
526,527,154.927
527,526,154.927
526,2677,87.31200000000001
527,528,215.617
528,527,215.617
527,2862,85.05799999999999
528,529,228.24599999999998
529,528,228.24599999999998
528,2267,87.47999999999999
529,3035,84.498
530,2908,85.67999999999999
2908,530,85.67999999999999
530,2907,87.606
2907,530,87.606
531,191,49.665
532,52587,87.269
533,534,310.553
533,1860,81.265
534,535,273.11199999999997
534,680,87.862
535,536,211.924
535,1861,80.7
536,972,77.073
536,971,74.912
971,536,74.912
537,972,37.843999999999994
538,52526,68.153
52526,538,68.153
538,1524,129.925
539,1524,69.152
539,538,139.035
540,3038,88.801
3038,540,88.801
541,834,84.398
542,543,139.25
542,2209,80.47
2209,542,80.47
542,2208,79.751
2208,542,79.751
543,544,134.05700000000002
543,3053,82.601
3053,543,82.601
543,3078,80.678
3078,543,80.678
544,545,116.679
544,1080,82.683
1080,544,82.683
544,1079,80.776
1079,544,80.776
545,487,12.31
545,2817,82.382
546,2831,104.911
547,548,25.882
547,45161,52.162
548,48432,56.30799999999999
549,1164,142.131
550,2591,155.69199999999998
2591,550,155.69199999999998
550,1776,82.023
551,550,302.279
551,1188,77.938
552,46905,15.288
552,1778,80.286
553,552,266.128
553,1190,79.663
1190,553,79.663
553,1410,81.69399999999999
1410,553,81.69399999999999
554,1187,80.124
1187,554,80.124
554,1775,77.40599999999999
1775,554,77.40599999999999
555,2358,157.05399999999997
555,1298,78.369
556,2121,81.144
556,826,173.343
557,2814,72.99
557,558,125.66499999999999
558,640,69.44500000000001
558,559,117.792
559,560,161.672
560,559,161.672
559,641,69.767
560,41674,28.598
41674,560,28.598
560,2816,135.58599999999998
561,49410,80.995
561,2642,60.514
2642,561,60.514
561,562,32.772999999999996
562,561,32.772999999999996
562,2639,23.372999999999998
2639,562,23.372999999999998
562,563,104.52999999999999
563,562,104.52999999999999
563,2461,164.939
2461,563,164.939
563,2642,172.526
2642,563,172.526
564,2898,17.601
564,53298,126.653
565,48934,69.585
565,566,141.07500000000002
566,567,109.18599999999999
566,1756,69.475
1756,566,69.475
566,2899,79.208
2899,566,79.208
567,43569,99.796
567,949,69.62
568,569,143.758
568,600,77.55199999999999
569,1645,77.24600000000001
569,570,137.611
570,929,69.47
570,46173,141.29799999999997
571,326,160.907
571,1879,75.126
572,684,73.961
573,572,274.039
573,1880,74.349
574,573,273.56399999999996
574,1369,74.694
575,55129,9.79
575,1881,74.797
576,575,269.703
576,3042,74.252
577,50595,77.548
577,576,168.15500000000003
578,3095,79.139
579,44152,146.278
579,2452,80.282
580,581,147.409
581,582,153.601
581,2672,78.85100000000001
582,583,215.313
582,2455,80.96699999999998
583,584,231.141
583,2260,79.759
584,285,215.343
584,2456,81.404
585,673,19.548000000000002
586,585,167.825
586,908,26.017
587,588,173.69899999999998
588,587,173.69899999999998
587,2420,120.291
2420,587,120.291
587,2421,82.764
2421,587,82.764
588,45782,13.078
45782,588,13.078
588,521,85.49
589,590,117.522
590,589,117.522
589,1244,85.027
589,45782,90.042
45782,589,90.042
590,591,86.68900000000001
591,590,86.68900000000001
591,3050,162.74099999999999
3050,591,162.74099999999999
591,592,122.554
592,591,122.554
592,1036,120.182
593,2449,79.717
594,1041,93.679
1041,594,93.679
594,49929,204.39200000000002
594,1040,93.723
1040,594,93.723
595,594,61.963
595,1402,80.01299999999999
1402,595,80.01299999999999
595,1403,79.57499999999999
1403,595,79.57499999999999
596,595,140.041
596,2450,79.93399999999998
2450,596,79.93399999999998
596,2714,79.56899999999999
2714,596,79.56899999999999
597,596,133.763
597,2003,79.378
2003,597,79.378
597,2002,79.69500000000001
2002,597,79.69500000000001
598,46066,9.949
46066,598,9.949
598,644,80.643
644,598,80.643
598,46067,47.305
599,43579,16.674
43579,599,16.674
599,940,100.32000000000001
940,599,100.32000000000001
599,43570,69.467
600,1645,144.262
600,43579,70.507
601,43577,16.888
601,43572,43.141999999999996
602,43577,43.474000000000004
602,1642,143.77
603,43571,17.284
603,602,68.23100000000001
604,43573,17.397
43573,604,17.397
604,603,74.06899999999999
604,1640,143.81
1640,604,143.81
605,1639,143.813
605,604,71.696
606,1355,57.58
606,51004,75.015
607,50246,37.052
607,1356,64.283
608,607,77.247
609,608,78.544
609,1358,64.363
609,1648,131.691
1648,609,131.691
610,609,149.563
611,1360,64.766
611,610,77.03500000000001
612,1888,93.834
612,2006,45.628
2006,612,45.628
612,2005,40.105999999999995
2005,612,40.105999999999995
613,614,50.951
614,615,125.44900000000001
614,2949,70.72699999999999
615,616,102.611
615,735,67.285
616,1497,37.785
617,362,115.11399999999998
617,1251,56.528999999999996
618,1255,52.215
619,2390,70.557
620,619,75.908
620,3063,85.843
3063,620,85.843
621,53264,22.446
622,2540,78.73
622,50465,151.199
623,624,150.433
624,625,154.755
624,47053,78.623
625,2841,78.389
625,626,214.484
626,627,128.955
627,626,128.955
626,2234,77.75
627,628,100.50800000000001
628,627,100.50800000000001
628,2600,157.401
629,3165,183.47
3165,629,183.47
629,3050,81.563
3050,629,81.563
630,1897,80.722
1897,630,80.722
630,3052,84.688
3052,630,84.688
631,3135,79.418
632,631,154.594
632,891,79.71799999999999
633,44151,17.482
633,892,79.697
634,2669,79.57900000000001
635,634,154.999
635,894,79.44399999999999
636,635,215.94800000000004
636,2257,78.934
637,896,78.264
637,52900,138.81699999999998
638,2153,79.706
639,48427,156.35999999999999
48427,639,156.35999999999999
639,557,70.39
640,639,128.077
640,3044,68.865
641,640,94.56500000000001
641,41842,76.93400000000001
642,643,25.445
643,642,25.445
643,181,79.21199999999999
644,2140,79.18
645,646,76.033
646,645,76.033
645,962,83.07900000000001
646,647,75.91799999999999
647,646,75.91799999999999
646,50987,90.432
647,648,35.739000000000004
648,647,35.739000000000004
647,2141,98.723
648,959,67.242
649,1914,80.19500000000001
650,649,154.005
650,2565,81.045
651,44158,17.565
651,3058,80.79899999999999
652,651,147.354
652,1917,80.316
653,652,155.036
653,2858,80.596
654,653,215.898
654,1919,81.502
655,654,228.068
655,3059,79.22999999999999
656,43944,72.73700000000001
656,666,44.2
657,123,101.908
658,49906,9.075
658,659,82.053
659,660,93.143
659,3019,94.72600000000001
660,2702,80.812
660,661,86.98599999999999
661,662,43.009
661,2073,95.449
662,49907,76.899
663,51039,89.638
664,952,58.794999999999995
664,665,63.476
665,657,17.328
665,666,155.898
666,667,85.78699999999999
666,1909,63.342999999999996
667,668,82.307
668,669,82.21799999999999
668,1886,178.338
669,50929,8.261
670,1600,124.40299999999999
670,871,135.62800000000001
670,45916,107.612
670,671,96.82
672,673,81.274
673,45919,135.549
673,674,77.325
674,45920,140.90800000000002
674,675,77.892
675,1119,64.472
675,676,93.588
676,965,46.593999999999994
965,676,46.593999999999994
676,1750,154.792
676,30,60.935
677,782,308.55100000000004
678,780,271.139
678,679,81.496
679,534,80.806
679,1860,308.95300000000003
680,681,86.97099999999999
680,2060,309.428
2060,680,309.428
680,1942,273.84599999999995
1942,680,273.84599999999995
681,682,81.35
681,1943,274.484
682,2800,310.32800000000003
683,572,74.668
684,1945,274.032
684,213,74.631
685,686,78.157
686,687,86.054
686,1225,309.01900000000006
687,221,83.587
687,1734,309.195
1734,687,309.195
688,689,79.03
689,690,77.958
690,691,78.38499999999999
691,336,170.439
692,337,109.78699999999999
692,693,78.977
693,694,78.426
694,695,78.44399999999999
694,52570,47.922
696,697,82.607
697,339,51.407
698,699,76.885
699,341,108.921
699,700,78.464
701,343,153.42600000000002
701,702,77.922
703,704,84.196
704,705,85.722
705,706,79.57300000000001
706,707,79.751
707,708,78.908
708,709,79.519
710,711,79.922
711,712,80.868
711,1002,272.076
713,714,80.58200000000001
714,715,78.00999999999999
715,1985,272.959
717,718,77.41300000000001
718,719,85.89099999999999
718,877,310.55899999999997
720,721,84.757
722,2750,190.755
723,1280,79.861
724,1276,79.576
724,44183,25.398999999999997
725,1850,79.777
726,727,214.496
726,725,155.435
726,1278,80.828
727,1854,77.932
727,728,229.98199999999997
728,52081,248.154
728,1281,80.147
729,730,45.932
729,52185,62.928999999999995
730,731,88.18199999999999
730,736,98.351
731,616,35.134
732,50411,35.887
732,733,70.113
733,732,70.113
732,54800,56.07200000000001
734,50566,50.269
734,614,68.126
735,2465,75.25500000000001
736,731,39.93
736,735,72.31400000000001
737,1737,273.079
1737,737,273.079
737,41664,80.418
41664,737,80.418
737,41665,95.079
738,52079,9.391
739,2462,273.937
739,738,77.85
740,1268,228.911
740,739,77.817
741,1809,274.123
741,740,79.62
742,251,79.643
744,48976,140.68599999999998
48976,744,140.68599999999998
744,743,84.655
744,745,84.575
745,744,84.575
745,746,77.774
746,745,77.774
746,48979,106.645
746,747,78.57499999999999
747,746,78.57499999999999
747,748,79.08699999999999
748,747,79.08699999999999
748,43957,78.257
43957,748,78.257
748,1161,271.83500000000004
749,54748,14.131
749,43957,78.884
749,2778,267.11799999999994
2778,749,267.11799999999994
750,749,78.98299999999999
750,2996,268.10900000000004
751,54746,10.304
54746,751,10.304
751,750,86.446
751,41528,258.221
41528,751,258.221
752,53243,7.316
752,41524,238.833
753,2335,271.703
753,752,79.354
754,41525,200.19799999999998
754,753,79.334
755,754,79.47399999999999
755,3101,272.16499999999996
756,41526,198.476
756,755,79.442
758,41527,198.43800000000005
758,757,80.011
759,2010,272.036
759,758,79.87199999999999
760,759,78.639
760,41518,198.96599999999998
761,2604,272.598
762,761,78.764
763,2882,271.97700000000003
763,762,78.54400000000001
764,763,81.88799999999999
764,41692,194.033
765,881,272.84000000000003
765,764,77.85600000000001
766,53281,209.093
53281,766,209.093
766,767,84.77199999999999
767,766,84.77199999999999
766,3091,273.263
3091,766,273.263
766,765,86.47699999999999
767,2880,265.055
2880,767,265.055
767,768,79.818
768,767,79.818
768,46790,79.57
46790,768,79.57
768,50530,127.211
50530,768,127.211
769,872,112.62299999999999
872,769,112.62299999999999
769,54648,18.221
770,1511,186.206
770,873,35.337999999999994
770,769,104.17
771,874,34.531
771,770,48.245999999999995
772,909,99.82600000000001
772,771,49.671
773,853,104.224
773,772,92.522
775,774,46.364
775,912,123.56599999999999
775,1174,32.477000000000004
776,1113,86.215
776,50258,73.608
777,2938,102.02499999999999
777,776,89.783
778,1114,45.867
778,777,55.431999999999995
779,968,70.88499999999999
779,778,31.523
780,779,93.606
780,1116,73.73400000000001
780,968,77.591
968,780,77.591
781,3145,37.165
3145,781,37.165
781,2013,46.039
2013,781,46.039
782,29,74.706
783,393,226.52
783,3069,76.015
784,785,125.68599999999999
784,2967,77.047
785,49832,148.942
785,2838,76.442
2838,785,76.442
785,2782,74.481
2782,785,74.481
786,787,228.558
786,2228,74.779
787,788,213.48700000000002
787,3065,75.433
788,789,223.964
789,788,223.964
788,2784,74.42
2784,788,74.42
788,3066,76.24499999999999
3066,788,76.24499999999999
789,790,227.64499999999998
790,789,227.64499999999998
789,3067,76.4
3067,789,76.4
789,2785,74.338
2785,789,74.338
790,3068,75.05600000000001
3068,790,75.05600000000001
790,2786,75.611
2786,790,75.611
791,2787,75.5
2787,791,75.5
791,41990,63.777
41990,791,63.777
791,2623,156.38
2623,791,156.38
792,2417,305.894
792,41989,61.563
41989,792,61.563
793,185,227.139
793,2376,63.135
2376,793,63.135
794,66,161.204
794,2952,295.578
795,3032,64.852
3032,795,64.852
795,796,79.901
796,795,79.901
796,43976,99.159
43976,796,99.159
796,3142,111.024
3142,796,111.024
796,797,79.194
797,796,79.194
797,2151,275.41299999999995
797,43975,98.886
43975,797,98.886
797,798,79.984
798,797,79.984
798,799,82.392
799,798,82.392
798,2152,275.68
799,1827,111.795
1827,799,111.795
799,800,312.079
800,799,312.079
800,2154,275.97799999999995
800,1829,160.714
1829,800,160.714
800,801,82.27399999999999
801,800,82.27399999999999
801,43973,175.176
43973,801,175.176
