start,end,length
0,26283,254.70900000000006
0,41857,767.7999999999998
1,42253,259.67400000000004
1,42251,291.83900000000006
2,43262,433.1479999999999
2,43257,552.424
3,1016,86.25800000000001
1016,3,86.25800000000001
3,1321,85.345
1321,3,85.345
3,4,138.033
4,3,138.033
4,1737,86.149
1737,4,86.149
4,1017,85.611
1017,4,85.611
4,5,134.771
5,4,134.771
5,1738,85.99
5,6,271.351
6,5,271.351
6,1019,86.109
6,45003,199.796
45003,6,199.796
7,45003,22.088
45003,7,22.088
7,8,55.925
8,7,55.925
7,438,93.39999999999999
8,9,142.26
9,8,142.26
8,830,85.583
830,8,85.583
9,1020,85.181
11,2158,81.61999999999999
12,44989,17.096
12,415,86.20899999999999
13,12,105.43299999999999
13,808,80.922
808,13,80.922
13,807,86.554
807,13,86.554
14,13,127.99300000000001
14,63,87.48
63,14,87.48
14,2107,82.185
2107,14,82.185
15,2326,267.007
2326,15,267.007
15,244,249.0
15,505,153.18399999999997
505,15,153.18399999999997
15,54684,29.606
54684,15,29.606
16,17,239.745
16,2325,201.183
2325,16,201.183
17,18,127.58500000000001
18,50552,215.27400000000003
18,2775,90.62
19,122,80.763
122,19,80.763
19,1312,80.571
1312,19,80.571
20,1665,80.824
20,19,273.332
21,20,271.735
21,2159,81.107
22,45005,16.91
23,22,109.255
23,810,80.699
810,23,80.699
23,811,80.27499999999999
811,23,80.27499999999999
24,23,215.284
24,1667,89.457
1667,24,89.457
24,2106,88.052
2106,24,88.052
25,790,101.449
790,25,101.449
25,789,127.633
789,25,127.633
26,43690,263.17999999999995
43690,26,263.17999999999995
26,2180,96.326
2180,26,96.326
26,1846,171.363
1846,26,171.363
27,28,83.201
28,27,83.201
27,43690,22.926000000000002
43690,27,22.926000000000002
27,45685,246.774
28,2294,171.551
2294,28,171.551
28,45298,244.92499999999998
45298,28,244.92499999999998
29,30,311.31399999999996
29,1748,76.599
30,964,41.435
31,34,27.203
34,31,27.203
31,3021,150.43399999999997
3021,31,150.43399999999997
32,31,55.69299999999999
33,32,78.949
33,2381,77.993
2381,33,77.993
33,35,23.061
34,275,66.408
275,34,66.408
34,35,129.856
35,49876,162.38
36,52037,79.923
37,45016,21.559
37,399,93.688
38,37,156.643
38,45118,79.99000000000001
39,53119,78.783
39,48755,80.347
48755,39,80.347
40,39,275.73099999999994
40,49231,99.1
49231,40,99.1
40,794,79.614
794,40,79.614
40,46755,79.18499999999999
46755,40,79.18499999999999
41,42,274.107
41,855,81.183
855,41,81.183
41,53154,79.735
53154,41,79.735
42,43,271.01500000000004
42,1759,80.0
43,45015,129.93
43,1632,79.952
44,45,127.523
44,422,79.182
45,46,213.47699999999998
45,814,79.78099999999999
814,45,79.78099999999999
45,815,78.857
815,45,78.857
46,1761,90.335
1761,46,90.335
46,1633,90.475
1633,46,90.475
47,44945,30.164
44945,47,30.164
47,41642,109.314
41642,47,109.314
48,41642,25.311
41642,48,25.311
49,1252,53.7
50,1766,90.388
51,52,118.83199999999998
51,363,46.185
53,52555,86.85300000000001
53,2753,36.487
54,55,72.39099999999999
54,49802,56.54
55,56,80.472
56,42565,358.05400000000003
57,736,85.68100000000001
58,42362,341.47599999999994
59,51293,103.14599999999999
59,1104,101.188
1104,59,101.188
59,49882,165.23399999999998
49882,59,165.23399999999998
59,42367,15.532
42367,59,15.532
60,3163,1005.2769999999999
61,42565,260.646
62,3156,97.88799999999999
63,54299,18.782
54299,63,18.782
63,312,88.02000000000001
312,63,88.02000000000001
63,807,142.72199999999998
807,63,142.72199999999998
64,3027,79.938
64,2828,147.21699999999998
65,55346,9.4
65,1289,78.925
66,2888,71.337
67,3042,29.703
67,42540,274.357
68,54299,275.96600000000007
68,60,544.4730000000001
69,2600,141.016
69,1595,84.377
1595,69,84.377
69,2208,86.007
2208,69,86.007
70,43973,44.358999999999995
43973,70,44.358999999999995
70,2209,77.963
2209,70,77.963
71,73,68.388
71,72,90.931
72,1194,14.631
72,144,82.49499999999999
73,56,76.472
73,42567,195.0
42567,73,195.0
73,2290,16.231
2290,73,16.231
74,55275,21.108
74,1725,176.22400000000002
1725,74,176.22400000000002
75,42535,271.057
76,42537,732.3910000000001
77,50450,3.421
77,78,116.857
78,950,63.845
950,78,63.845
78,50455,82.57
50455,78,82.57
79,2902,114.753
79,66,530.577
80,81,84.96600000000001
80,48010,153.064
48010,80,153.064
80,1032,76.82000000000001
1032,80,76.82000000000001
81,3109,151.16400000000002
81,49679,46.135999999999996
82,46059,252.512
82,46058,246.57299999999998
83,50237,164.867
50237,83,164.867
83,1988,83.08900000000001
84,3110,135.391
84,52868,80.137
85,154,117.78
86,88,59.343999999999994
87,2614,79.95
87,54714,170.254
88,3089,1940.49
89,42657,95.982
89,2613,78.433
90,42561,236.89
90,50547,28.95
91,43941,121.56199999999998
43941,91,121.56199999999998
91,801,115.65599999999999
801,91,115.65599999999999
91,999,88.493
999,91,88.493
92,42552,36.203
92,2255,79.487
93,2732,131.137
2732,93,131.137
93,94,116.47200000000001
94,161,533.307
95,96,122.072
95,50379,101.82499999999999
96,1825,241.86899999999997
97,41488,21.22
97,47225,60.698
98,1832,274.03299999999996
1832,98,274.03299999999996
99,43894,29.651
99,43895,65.77199999999999
100,104,132.781
100,101,133.751
101,109,88.47699999999999
101,102,36.784000000000006
102,49860,92.95399999999998
102,103,25.113999999999997
103,49325,102.43800000000002
103,50546,158.67999999999995
104,1456,130.498
104,1502,73.918
105,854,168.435
105,2315,274.625
2315,105,274.625
105,129,89.324
129,105,89.324
105,1317,86.04599999999999
1317,105,86.04599999999999
106,132,148.857
106,43887,146.11700000000002
107,106,110.53200000000001
108,51171,18.644
108,43888,158.03300000000002
43888,108,158.03300000000002
109,1274,131.053
109,1492,76.813
109,49860,134.887
110,950,91.81200000000001
110,2074,88.095
111,78,12.466
112,74,164.293
113,276,78.256
276,113,78.256
113,49676,134.546
113,2736,79.59100000000001
2736,113,79.59100000000001
114,130,15.531
114,115,401.584
115,43788,1189.184
116,553,73.948
553,116,73.948
116,117,140.08100000000002
117,44893,29.968000000000004
118,49327,5.467
118,41711,353.956
119,43901,143.549
119,2694,79.80900000000001
120,42579,296.62699999999995
120,119,59.07
121,1257,86.462
121,2429,118.429
122,2310,274.18199999999996
122,53153,86.13
53153,122,86.13
123,77,72.66099999999999
125,53330,29.135
126,610,14.532
127,1851,80.544
128,54299,123.98499999999999
54299,128,123.98499999999999
129,2316,274.253
129,135,232.098
135,129,232.098
130,116,78.22099999999999
131,43954,86.15799999999999
43954,131,86.15799999999999
131,46715,18.417
132,160,1047.727
133,134,119.76500000000001
133,43892,204.131
134,42581,130.803
135,1318,82.751
1318,135,82.751
136,1630,485.8979999999999
136,52556,297.49999999999994
137,52750,120.93999999999998
138,42582,30.471
139,896,133.335
139,42591,156.19299999999998
140,53159,112.876
140,53161,93.49
53161,140,93.49
141,42589,33.213
42589,141,33.213
142,50450,119.49400000000001
142,111,66.023
143,142,54.753
143,110,49.852000000000004
144,137,108.839
144,49698,28.292
145,48860,12.939
48860,145,12.939
145,43979,256.193
43979,145,256.193
145,2631,76.877
146,49690,23.987000000000002
49690,146,23.987000000000002
146,45121,357.31300000000005
45121,146,357.31300000000005
147,42578,633.0920000000001
147,151,259.67400000000004
147,50341,437.0339999999999
50341,147,437.0339999999999
148,42386,81.091
42386,148,81.091
148,1174,59.44800000000001
1174,148,59.44800000000001
148,2387,76.931
149,61,328.92499999999995
149,42564,271.20300000000003
150,44174,195.578
150,3117,91.60499999999999
151,51166,383.479
152,45974,37.293
152,3025,72.797
153,2887,160.788
154,53163,47.106
154,42543,901.9090000000001
155,43881,121.70899999999999
156,157,111.345
157,156,111.345
157,45127,192.101
45127,157,192.101
157,49690,350.526
49690,157,350.526
158,49581,101.651
158,49699,71.62
159,99,85.11100000000002
160,159,109.36399999999999
160,134,461.017
161,42562,110.23499999999999
161,1135,668.4569999999998
162,41403,163.637
162,2211,51.043
2211,162,51.043
162,313,39.803999999999995
313,162,39.803999999999995
163,50065,135.651
163,2885,172.662
164,163,169.678
165,2719,160.87499999999997
166,43718,18.308
43718,166,18.308
166,473,79.866
166,167,132.421
167,166,132.421
167,474,88.696
167,168,80.822
168,167,80.822
168,2111,225.22299999999998
168,169,82.34599999999999
169,168,82.34599999999999
169,476,123.39099999999999
169,170,78.513
170,169,78.513
170,2113,173.279
170,171,82.60300000000001
171,170,82.60300000000001
171,172,118.241
172,171,118.241
171,478,157.555
172,47501,105.30999999999999
47501,172,105.30999999999999
172,479,184.13099999999997
479,172,184.13099999999997
172,173,227.69299999999998
173,172,227.69299999999998
173,174,77.548
174,173,77.548
173,481,233.72899999999998
481,173,233.72899999999998
174,175,77.396
175,174,77.396
175,176,78.382
176,175,78.382
176,1294,127.82000000000001
176,177,77.407
177,176,77.407
177,485,171.359
177,178,79.221
178,177,79.221
178,545,202.35899999999998
178,179,77.91799999999999
179,178,77.91799999999999
179,487,149.25900000000001
179,180,56.432
180,179,56.432
180,181,79.26400000000001
181,180,79.26400000000001
181,489,134.43200000000002
181,182,73.289
182,181,73.289
182,41444,97.759
41444,182,97.759
182,3166,79.305
183,41447,77.75800000000001
41447,183,77.75800000000001
183,184,108.21999999999998
184,183,108.21999999999998
183,317,196.40099999999998
184,2376,85.516
2376,184,85.516
184,792,82.684
792,184,82.684
184,185,141.077
185,184,141.077
185,186,142.92000000000002
186,185,142.92000000000002
186,3029,81.21100000000001
3029,186,81.21100000000001
186,187,197.87
187,186,197.87
187,46000,76.597
46000,187,76.597
187,188,248.614
188,187,248.614
188,1490,308.769
1490,188,308.769
188,45109,268.892
45109,188,268.892
188,324,86.893
324,188,86.893
189,190,214.63400000000001
190,3178,35.362
3178,190,35.362
190,3144,75.977
3144,190,75.977
191,192,95.02499999999999
191,2390,39.596000000000004
192,193,58.203
192,3062,37.382999999999996
3062,192,37.382999999999996
192,2025,77.853
2025,192,77.853
193,2943,33.742
193,194,90.418
194,2027,65.53999999999999
2027,194,65.53999999999999
194,2383,30.226
2383,194,30.226
195,50377,63.16
195,54767,9.830000000000002
196,197,75.15
196,2477,88.904
2477,196,88.904
197,2478,86.93900000000001
198,199,89.296
198,2480,75.213
199,200,51.67
199,2702,76.727
200,201,85.395
200,52041,66.981
52041,200,66.981
200,2069,74.90599999999999
2069,200,74.90599999999999
201,202,31.415999999999997
202,203,116.19999999999999
202,1920,59.885
203,1870,42.411
203,204,135.66400000000002
204,646,71.724
204,958,52.114
205,206,115.41
205,1145,86.009
1145,205,86.009
205,2921,83.47599999999998
2921,205,83.47599999999998
205,2033,222.97999999999996
2033,205,222.97999999999996
206,207,64.718
207,208,59.346000000000004
207,1355,72.322
208,605,80.252
208,53278,30.033
209,1634,79.39099999999999
209,210,136.63500000000002
210,53288,135.31
53288,210,135.31
210,211,141.333
211,46154,14.166
46154,211,14.166
211,2836,231.63800000000003
212,328,116.167
212,3040,74.049
213,212,309.291
213,684,74.53099999999999
214,213,273.814
214,1944,74.431
215,214,274.183
215,52198,74.161
216,215,277.697
216,2422,74.051
217,218,224.07700000000003
217,216,269.908
218,2351,79.56
219,55204,8.914
55204,219,8.914
219,220,74.973
220,41814,59.237
41814,220,59.237
220,2054,76.04400000000001
2054,220,76.04400000000001
220,49872,64.17599999999999
49872,220,64.17599999999999
220,55204,74.837
221,687,78.338
222,1734,83.593
223,222,273.776
223,1370,78.58200000000001
224,55096,10.15
224,1735,82.65299999999999
225,3009,78.497
225,224,270.12600000000003
226,41635,17.933
41635,226,17.933
226,2462,170.497
226,41633,163.14600000000002
41633,226,163.14600000000002
227,2420,77.69
2420,227,77.69
227,41398,145.597
41398,227,145.597
228,45747,21.836
45747,228,21.836
228,227,132.355
228,45751,89.292
229,1580,87.71
230,229,79.081
231,230,79.261
231,2756,168.74900000000002
2756,231,168.74900000000002
232,231,79.149
232,2757,203.23900000000003
2757,232,203.23900000000003
233,232,452.93600000000004
233,1830,108.089
1830,233,108.089
234,2717,78.53
2717,234,78.53
234,233,494.7879999999999
234,1169,132.386
234,1830,396.923
1830,234,396.923
235,2922,84.43199999999999
2922,235,84.43199999999999
235,53277,38.657
53277,235,38.657
236,235,77.97899999999998
236,53256,149.972
53256,236,149.972
236,925,260.209
925,236,260.209
236,1725,121.45899999999997
1725,236,121.45899999999997
237,42536,205.07899999999998
237,53256,77.18400000000001
53256,237,77.18400000000001
238,1027,86.317
238,2557,155.853
239,238,62.767
240,1127,80.059
1127,240,80.059
240,1746,79.33099999999999
1746,240,79.33099999999999
241,240,134.244
241,45999,80.341
45999,241,80.341
241,1095,53.672999999999995
1095,241,53.672999999999995
242,241,97.32
242,1095,113.154
1095,242,113.154
242,1747,83.96799999999999
1747,242,83.96799999999999
243,244,84.29799999999999
244,243,84.29799999999999
243,504,51.422
504,243,51.422
243,503,134.519
503,243,134.519
244,3036,159.621
245,1805,79.13
246,335,85.013
247,248,275.481
248,1806,79.709
249,54778,278.75
249,50297,78.07300000000001
250,1716,79.09200000000001
250,251,274.1
251,740,78.17299999999999
251,252,265.426
252,50572,19.144
252,1717,83.059
253,46074,192.345
46074,253,192.345
253,53284,85.367
53284,253,85.367
253,2495,78.432
2495,253,78.432
254,46002,7.999
46002,254,7.999
254,255,30.322
254,505,176.286
505,254,176.286
255,46013,23.33
256,46013,77.385
46013,256,77.385
256,257,78.327
257,256,78.327
257,836,243.482
257,258,78.92599999999999
258,257,78.92599999999999
258,508,228.41599999999997
258,259,85.358
259,258,85.358
259,1022,121.148
1022,259,121.148
259,1023,117.395
1023,259,117.395
259,260,209.96699999999998
260,259,209.96699999999998
260,1741,118.926
1741,260,118.926
260,2504,121.86699999999999
2504,260,121.86699999999999
260,261,176.294
261,260,176.294
261,1742,118.97900000000001
1742,261,118.97900000000001
261,262,176.672
262,261,176.672
261,2623,122.114
2623,261,122.114
262,263,131.061
263,262,131.061
262,848,118.851
848,262,118.851
262,849,122.11399999999999
849,262,122.11399999999999
263,3097,90.445
3097,263,90.445
263,264,129.415
264,263,129.415
263,1743,118.76199999999999
1743,263,118.76199999999999
264,2531,27.281
2531,264,27.281
264,3097,156.828
3097,264,156.828
265,266,78.598
266,265,78.598
265,1929,88.29100000000001
1929,265,88.29100000000001
266,50059,49.231
266,267,79.328
267,266,79.328
267,268,80.699
268,267,80.699
268,1061,83.189
268,269,151.703
269,268,151.703
269,1930,52.391
269,50341,12.056
50341,269,12.056
271,45752,18.594
45752,271,18.594
271,13282,286.1449999999999
13282,271,286.1449999999999
271,521,167.53099999999998
272,1730,235.494
272,45740,75.553
273,272,106.743
273,1729,99.025
1729,273,99.025
274,273,87.905
275,920,218.99099999999999
275,1699,78.393
276,1538,217.17600000000002
276,277,79.292
277,276,79.292
277,278,81.139
278,277,81.139
277,2890,70.685
278,636,214.65299999999996
278,50568,54.182
278,279,78.10399999999998
279,278,78.10399999999998
279,280,79.91
280,279,79.91
280,281,79.70500000000001
281,280,79.70500000000001
281,2699,215.36999999999998
281,282,79.00699999999999
282,281,79.00699999999999
282,1693,214.34300000000002
282,283,79.55999999999999
283,282,79.55999999999999
283,45996,132.267
45996,283,132.267
283,284,79.039
284,283,79.039
284,3096,215.52200000000002
284,285,79.30799999999999
285,284,79.30799999999999
285,55274,62.989
55274,285,62.989
285,286,81.148
286,285,81.148
286,2455,215.974
286,50065,68.155
50065,286,68.155
286,287,85.992
287,286,85.992
287,1531,216.717
1531,287,216.717
287,288,86.653
288,287,86.653
288,44173,178.94299999999998
44173,288,178.94299999999998
288,1824,214.73
288,289,80.064
289,288,80.064
289,42557,216.82299999999998
42557,289,216.82299999999998
289,290,81.01
290,289,81.01
290,43886,225.924
43886,290,225.924
290,654,216.271
290,291,81.148
291,290,81.148
291,52378,218.553
52378,291,218.553
291,292,80.799
292,291,80.799
292,50379,222.865
292,2611,214.97599999999997
292,293,80.12599999999999
293,292,80.12599999999999
293,294,86.85
294,293,86.85
294,295,86.38499999999999
295,294,86.38499999999999
294,3111,216.01
3111,294,216.01
294,2904,227.99900000000002
2904,294,227.99900000000002
295,1802,226.897
295,296,80.43699999999998
296,295,80.43699999999998
296,2954,216.87199999999999
296,297,80.58
297,296,80.58
297,1895,226.9
297,298,80.30000000000001
298,297,80.30000000000001
298,2730,216.936
299,1353,226.68300000000002
299,300,80.119
300,299,80.119
300,3112,216.96
300,301,87.28999999999999
301,300,87.28999999999999
301,302,85.101
302,301,85.101
301,529,225.911
529,301,225.911
301,528,217.18599999999998
528,301,217.18599999999998
302,3034,216.767
302,303,79.563
303,302,79.563
303,2528,223.911
303,304,81.927
304,303,81.927
304,1545,216.006
304,305,77.93699999999998
305,304,77.93699999999998
305,306,83.92699999999999
306,305,83.92699999999999
305,1546,296.14
306,3113,215.839
306,52458,68.485
52458,306,68.485
307,49675,27.585
307,1132,34.038
308,1832,77.30600000000001
309,308,271.69399999999996
309,2157,87.105
310,45020,18.204
310,414,80.197
311,310,105.01100000000001
311,806,78.87599999999999
806,311,78.87599999999999
311,807,87.289
807,311,87.289
312,311,157.107
312,1834,80.12899999999999
1834,312,80.12899999999999
313,2210,79.30199999999999
2210,313,79.30199999999999
314,313,140.988
314,2373,88.66499999999999
2373,314,88.66499999999999
314,3070,79.11599999999999
3070,314,79.11599999999999
315,314,133.95700000000002
315,1084,79.487
1084,315,79.487
315,1085,88.306
1085,315,88.306
316,315,118.61200000000001
316,2819,79.46000000000001
2819,316,79.46000000000001
316,2374,88.185
2374,316,88.185
317,316,89.47200000000001
317,494,91.076
494,317,91.076
317,493,85.627
493,317,85.627
318,2376,116.334
318,183,85.425
319,318,84.17500000000001
320,41449,55.547
320,41445,92.939
321,54790,85.013
54790,321,85.013
321,2376,85.81799999999998
2376,321,85.81799999999998
321,319,112.605
321,322,398.998
322,43982,103.08
323,324,224.235
323,322,250.351
324,54938,327.719
325,1878,183.79
326,325,77.263
326,50426,145.50900000000001
327,3040,138.258
327,326,77.95300000000002
328,327,78.024
329,2348,92.983
329,328,78.373
330,329,86.75399999999999
330,50437,245.001
331,1733,43.857
1733,331,43.857
331,330,87.569
331,2537,110.94
2537,331,110.94
334,689,200.68200000000002
335,334,84.465
335,1805,139.918
336,1714,200.97
336,246,85.59100000000001
337,692,79.60600000000001
337,336,82.92500000000001
338,1970,223.091
339,338,85.596
339,697,81.77
340,1972,165.03799999999998
340,339,83.296
341,699,132.932
341,340,79.329
342,341,85.25899999999999
342,1973,120.655
344,1975,74.36
344,343,82.15
345,344,87.6
345,1679,50.291000000000004
1679,345,50.291000000000004
348,1980,66.09700000000001
348,347,80.484
350,1981,81.62599999999999
350,349,80.12400000000001
351,1387,189.839
351,350,79.02799999999999
352,1983,88.387
353,352,77.681
354,1985,104.86
356,355,78.166
357,356,93.368
357,1392,94.55799999999999
1392,357,94.55799999999999
358,357,93.59799999999998
359,1484,97.27799999999999
359,55476,13.254999999999999
361,360,111.224
362,361,35.823
363,1251,105.859
363,362,32.628
364,1766,118.563
365,2020,133.321
365,364,71.31
366,3022,129.507
366,365,13.12
367,54660,132.854
368,54450,41.757999999999996
368,45692,140.924
369,2463,163.817
370,732,139.87
732,370,139.87
371,612,116.952
371,370,69.248
372,371,70.501
372,2948,170.00199999999998
2948,372,170.00199999999998
373,52042,76.531
374,3019,176.746
374,373,77.03200000000001
375,2481,151.77100000000002
375,374,80.04599999999999
376,375,68.025
377,2070,82.33600000000001
2070,377,82.33600000000001
377,376,33.403
378,377,70.37299999999999
378,1922,80.673
379,378,120.86800000000001
379,2916,81.18599999999999
380,956,80.50500000000001
381,2141,80.69200000000001
382,381,160.35299999999998
382,2808,80.583
383,46150,15.427
383,2747,83.619
384,2485,115.221
384,45876,90.25599999999999
385,2048,82.32000000000001
385,384,81.295
386,2486,111.09700000000001
386,385,77.429
387,2810,80.64
387,386,78.758
389,1876,122.174
1876,389,122.174
389,388,65.858
390,2487,124.43799999999999
390,389,68.943
391,2787,228.958
391,390,74.65100000000001
392,391,75.134
393,3068,195.914
393,392,79.783
394,2616,104.797
394,393,86.332
395,1613,125.504
395,394,86.44000000000001
396,2060,80.978
2060,396,80.978
396,395,92.15200000000002
396,1817,97.356
1817,396,97.356
397,919,136.941
397,2397,52.778
400,45117,111.876
400,37,91.077
401,400,90.683
402,401,136.667
403,402,47.8
403,52444,19.826999999999998
404,403,93.14099999999999
404,1898,199.90699999999998
405,404,88.84900000000002
406,45017,18.574
406,405,89.772
407,406,89.14899999999999
407,45997,77.59100000000001
408,44996,20.851
408,407,90.53699999999999
409,44982,94.125
409,52492,42.57599999999999
52492,409,42.57599999999999
410,409,90.603
411,44986,20.195
411,410,85.06499999999998
412,804,158.202
412,411,82.383
413,44992,18.734
413,412,85.32000000000001
414,413,84.071
415,44983,17.446
44983,415,17.446
415,807,104.796
807,415,104.796
415,310,87.02799999999999
416,808,105.407
416,12,81.377
417,45024,18.051
417,416,80.8
418,417,79.815
418,810,107.57400000000001
419,22,81.177
419,811,114.874
420,44997,16.849
44997,420,16.849
420,812,120.85199999999999
812,420,120.85199999999999
420,419,87.444
421,420,85.675
421,813,126.85
422,45022,16.774
422,421,80.092
423,45004,18.028
423,44,79.43799999999999
424,423,81.333
424,816,127.905
425,45013,18.045
425,424,78.783
426,425,79.647
426,818,127.293
427,45026,19.236
427,426,79.792
428,427,79.418
428,44994,23.079
429,821,126.31099999999999
821,429,126.31099999999999
429,428,86.964
429,45021,22.573
45021,429,22.573
430,429,85.21200000000002
431,45010,18.258
431,430,79.465
432,824,127.398
432,431,80.171
433,44995,19.064
433,432,79.89800000000001
434,433,79.77499999999999
435,45019,19.745
435,434,79.164
436,828,126.73299999999999
436,435,80.45200000000001
437,44985,19.567
437,436,79.96199999999999
438,830,92.327
438,437,84.22500000000001
439,831,20.076
439,7,95.257
440,43952,79.279
440,2125,135.739
441,49347,18.944
49347,441,18.944
441,2126,116.774
2126,441,116.774
441,440,77.572
442,54023,135.845
442,441,82.826
443,43686,17.968
443,442,79.49399999999999
444,839,167.316
444,443,79.66100000000002
445,43688,17.707
445,444,80.302
446,50620,191.277
446,445,80.45600000000002
447,45686,85.188
448,52064,22.416
52064,448,22.416
448,2294,84.7
2294,448,84.7
448,27,169.411
449,43691,26.71
43691,449,26.71
449,53585,162.289
53585,449,162.289
449,448,81.477
450,47600,19.839
47600,450,19.839
450,1774,267.409
1774,450,267.409
450,53592,78.55
451,43693,19.957
43693,451,19.957
451,553,268.054
553,451,268.054
451,450,79.766
452,43694,20.81
43694,452,20.81
452,53589,165.74299999999997
452,53334,223.999
53334,452,223.999
453,2128,180.118
453,43696,78.307
454,47268,492.433
454,453,80.52000000000001
455,2129,193.688
455,454,78.77799999999999
456,43700,18.629
456,455,79.393
457,2130,185.27200000000002
457,456,79.231
458,43702,18.918
458,457,80.138
459,2131,145.164
459,458,78.643
460,43704,18.071
460,459,78.30199999999999
461,43705,19.594
43705,461,19.594
461,1223,135.98000000000002
1223,461,135.98000000000002
461,460,86.745
462,43706,19.91
462,461,84.543
463,2134,119.427
463,462,79.531
464,43708,19.682
464,463,79.23
465,1234,132.845
465,464,79.843
466,43710,18.616
466,465,78.635
467,466,78.596
467,2115,161.633
468,43712,20.144
468,467,79.849
469,468,79.792
469,2117,272.554
470,43714,18.418
43714,470,18.418
470,469,163.926
471,43715,18.234
471,470,85.773
472,2923,39.542
472,43961,53.55
473,43717,18.121
473,472,79.441
473,47503,86.071
47503,473,86.071
474,43719,18.311
474,166,79.182
475,168,106.25500000000001
475,474,78.851
476,43721,18.302
476,475,80.29299999999999
477,170,140.606
477,476,75.41699999999999
478,43723,18.307
478,477,82.31
479,43724,18.306
43724,479,18.306
479,478,95.72000000000001
480,43725,18.307
43725,480,18.307
480,479,87.28800000000001
481,43726,17.439
43726,481,17.439
481,54496,69.697
482,47497,11.365
482,47599,17.48
483,47498,40.871
47498,483,40.871
483,175,229.26899999999998
483,484,86.54999999999998
484,483,86.54999999999998
484,176,189.464
484,485,80.96499999999999
485,484,80.96499999999999
485,1078,100.50999999999999
485,486,84.106
486,485,84.106
486,178,159.138
486,487,84.13799999999999
487,486,84.13799999999999
487,2816,38.164
487,488,89.62700000000001
488,487,89.62700000000001
488,489,82.688
489,488,82.688
488,180,140.059
489,490,69.184
490,489,69.184
490,182,129.163
490,491,18.767
491,490,18.767
491,492,80.744
492,491,80.744
492,2818,121.956
492,493,80.599
493,492,80.599
493,41447,164.757
494,495,70.994
495,494,70.994
494,2374,73.854
2374,494,73.854
494,2375,84.47
2375,494,84.47
495,496,78.85499999999999
496,495,78.85499999999999
496,1772,94.724
1772,496,94.724
496,497,74.03399999999999
497,496,74.03399999999999
497,3035,85.011
3035,497,85.011
497,2821,105.485
2821,497,105.485
497,498,80.086
498,497,80.086
498,2822,116.39099999999999
498,499,56.037
499,498,56.037
499,2519,84.929
2519,499,84.929
499,500,114.12400000000001
500,499,114.12400000000001
500,1489,86.886
1489,500,86.886
500,501,135.039
501,500,135.039
501,2876,84.927
501,502,138.053
502,501,138.053
502,3036,83.41499999999999
3036,502,83.41499999999999
502,503,26.086
503,502,26.086
503,3002,106.97800000000001
3002,503,106.97800000000001
504,54684,95.214
54684,504,95.214
505,2327,180.48499999999999
2327,505,180.48499999999999
506,837,160.66699999999997
506,507,169.65699999999998
507,506,169.65699999999998
506,46012,91.91999999999999
46012,506,91.91999999999999
507,837,130.555
507,508,81.518
508,507,81.518
508,43981,33.574
43981,508,33.574
509,2090,97.948
509,510,129.885
510,509,129.885
509,43981,52.568
43981,509,52.568
510,1997,141.231
510,511,80.693
511,510,80.693
511,1741,119.899
1741,511,119.899
511,512,176.37900000000002
512,511,176.37900000000002
511,2505,98.417
2505,511,98.417
512,1742,117.704
1742,512,117.704
512,2985,99.064
2985,512,99.064
513,848,117.052
848,513,117.052
513,847,98.618
847,513,98.618
513,514,131.2
514,513,131.2
514,2986,108.988
2986,514,108.988
514,50738,22.924999999999997
50738,514,22.924999999999997
514,1743,104.245
1743,514,104.245
515,2812,190.88400000000001
515,516,92.843
516,515,92.843
515,50738,85.6
50738,515,85.6
516,517,86.43299999999999
517,516,86.43299999999999
517,629,101.754
517,518,96.467
518,517,96.467
518,3051,66.14699999999999
3051,518,66.14699999999999
518,519,85.92399999999999
519,518,85.92399999999999
519,45750,54.246
45750,519,54.246
519,2594,42.403
2594,519,42.403
520,228,81.48299999999999
521,45742,11.51
45742,521,11.51
521,45571,186.323
522,2796,86.68299999999999
523,44144,144.94599999999997
44144,523,144.94599999999997
523,2570,85.66300000000001
524,44144,17.31
44144,524,17.31
524,525,147.66
525,524,147.66
525,526,154.927
526,525,154.927
525,2676,87.31200000000001
526,527,215.617
527,526,215.617
526,2861,85.05799999999999
527,528,228.24599999999998
528,527,228.24599999999998
527,2266,87.47999999999999
528,3034,84.498
529,2907,85.67999999999999
2907,529,85.67999999999999
529,2906,87.606
2906,529,87.606
530,191,49.665
531,52555,87.269
532,533,310.553
532,1859,81.265
533,534,273.11199999999997
533,679,87.862
534,535,211.924
534,1860,80.7
535,971,77.073
535,970,74.912
970,535,74.912
536,971,37.843999999999994
537,52494,68.153
52494,537,68.153
537,1523,129.925
538,1523,69.152
538,537,139.035
539,3037,88.801
3037,539,88.801
539,832,81.753
832,539,81.753
540,833,84.398
541,542,139.25
541,2208,80.47
2208,541,80.47
541,2207,79.751
2207,541,79.751
542,543,134.05700000000002
542,3052,82.601
3052,542,82.601
542,3077,80.678
3077,542,80.678
543,544,116.679
543,1079,82.683
1079,543,82.683
543,1078,80.776
1078,543,80.776
544,486,12.31
544,2816,82.382
545,2830,104.911
546,547,25.882
546,45128,52.162
547,48395,56.30799999999999
548,1163,142.302
549,2590,155.69199999999998
2590,549,155.69199999999998
549,1775,82.023
550,549,302.279
550,1187,77.938
551,46870,15.288
551,1777,80.286
552,551,266.128
552,1189,79.663
1189,552,79.663
552,1409,81.69399999999999
1409,552,81.69399999999999
553,1186,80.124
1186,553,80.124
553,1774,77.40599999999999
1774,553,77.40599999999999
554,2357,157.05399999999997
554,1297,78.369
555,2120,81.144
555,825,173.343
556,2813,72.98999999999998
556,557,125.66499999999999
557,639,69.44500000000001
557,558,117.792
558,559,161.672
559,558,161.672
558,640,69.767
559,41643,28.598
41643,559,28.598
559,2815,135.58599999999998
560,49372,80.995
560,2641,60.514
2641,560,60.514
560,561,32.772999999999996
561,560,32.772999999999996
561,2638,23.372999999999998
2638,561,23.372999999999998
561,562,104.52999999999999
562,561,104.52999999999999
562,2460,164.939
2460,562,164.939
562,2641,172.526
2641,562,172.526
563,2897,17.601
563,53266,126.653
564,48897,69.585
564,565,141.07500000000002
565,566,109.18599999999999
565,1755,69.475
1755,565,69.475
565,2898,79.208
2898,565,79.208
566,43540,99.796
566,948,69.62
567,568,143.758
567,599,77.55199999999999
568,1644,77.24600000000001
568,569,137.611
569,928,69.47
569,46138,141.29799999999997
570,326,160.907
570,1878,75.126
571,683,73.961
572,571,274.039
572,1879,74.349
573,572,273.56399999999996
573,1368,74.694
574,55095,9.79
574,1880,74.797
575,574,269.703
575,3041,74.252
576,50561,77.548
576,575,168.15500000000003
577,3094,79.139
578,44120,146.278
578,2451,80.282
579,580,147.409
580,581,153.601
580,2671,78.85100000000001
581,582,215.313
581,2454,80.96699999999998
582,583,231.141
582,2259,79.759
583,285,215.343
583,2455,81.404
584,672,19.548000000000002
585,584,167.825
585,907,26.017
586,587,173.69899999999998
587,586,173.69899999999998
586,2419,120.291
2419,586,120.291
586,2420,82.764
2420,586,82.764
587,45749,13.078
45749,587,13.078
587,520,85.49
588,589,117.522
589,588,117.522
588,1243,85.027
588,45749,90.042
45749,588,90.042
589,590,86.68900000000001
590,589,86.68900000000001
590,3049,162.74099999999999
3049,590,162.74099999999999
590,591,122.554
591,590,122.554
591,1035,120.182
592,2448,79.717
593,1040,93.679
1040,593,93.679
593,49891,204.39200000000002
593,1039,93.723
1039,593,93.723
594,593,61.963
594,1401,80.01299999999999
1401,594,80.01299999999999
594,1402,79.57499999999999
1402,594,79.57499999999999
595,594,140.041
595,2449,79.93399999999998
2449,595,79.93399999999998
595,2713,79.56899999999999
2713,595,79.56899999999999
596,595,133.763
596,2002,79.378
2002,596,79.378
596,2001,79.69500000000001
2001,596,79.69500000000001
597,46031,9.949
46031,597,9.949
597,643,80.643
643,597,80.643
597,46032,47.305
598,43550,16.674
43550,598,16.674
598,939,100.32000000000001
939,598,100.32000000000001
598,43541,69.467
599,1644,144.262
599,43550,70.507
600,43548,16.888
600,43543,43.141999999999996
601,43548,43.474000000000004
601,1641,143.77
602,43542,17.284
602,601,68.23100000000001
603,43544,17.397
43544,603,17.397
603,602,74.06899999999999
603,1639,143.81
1639,603,143.81
604,1638,143.813
604,603,71.696
605,1354,57.58
605,50970,75.015
606,50213,37.052
606,1355,64.283
607,606,77.247
608,607,78.544
608,1357,64.363
608,1647,131.691
1647,608,131.691
609,608,149.563
610,1359,64.766
610,609,77.03500000000001
611,1887,93.834
611,2005,45.628
2005,611,45.628
611,2004,40.105999999999995
2004,611,40.105999999999995
612,613,50.951
613,614,125.44900000000001
613,2948,70.72699999999999
614,615,102.611
614,734,67.285
615,1496,37.785
616,361,115.11399999999998
616,1250,56.528999999999996
617,1254,52.215
618,2389,70.557
619,618,75.908
619,3062,85.843
3062,619,85.843
620,53229,22.446
621,2539,78.73
621,50431,151.199
622,623,150.433
623,624,154.755
623,47018,78.623
624,2840,78.389
624,625,214.484
625,626,128.955
626,625,128.955
625,2233,77.75
626,627,100.50800000000001
627,626,100.50800000000001
627,2599,157.401
628,3164,183.47
3164,628,183.47
628,3049,81.563
3049,628,81.563
629,1896,80.722
1896,629,80.722
629,3051,84.688
3051,629,84.688
630,3134,79.418
631,630,154.594
631,890,79.71799999999999
632,44119,17.482
632,891,79.697
633,2668,79.57900000000001
634,633,154.999
634,893,79.44399999999999
635,634,215.94800000000004
635,2256,78.934
636,895,78.264
636,52868,138.81699999999998
637,2152,79.706
638,48390,156.35999999999999
48390,638,156.35999999999999
638,556,70.39
639,638,128.077
639,3043,68.865
640,639,94.56500000000001
640,41811,76.93400000000001
641,642,25.445
642,641,25.445
642,181,79.21199999999999
643,2139,79.18
644,645,76.033
645,644,76.033
644,961,83.07900000000001
645,646,75.91799999999999
646,645,75.91799999999999
645,50953,90.432
646,647,35.739000000000004
647,646,35.739000000000004
646,2140,98.723
647,958,67.242
648,1913,80.19500000000001
649,648,154.005
649,2564,81.045
650,44126,17.565
650,3057,80.79899999999999
651,650,147.354
651,1916,80.316
652,651,155.036
652,2857,80.596
653,652,215.898
653,1918,81.502
654,653,228.068
654,3058,79.22999999999999
655,43914,72.73700000000001
655,665,44.2
656,123,101.908
657,49868,9.075
657,658,82.053
658,659,93.143
658,3018,94.72600000000001
659,2701,80.812
659,660,86.98599999999999
660,661,43.009
660,2072,95.449
661,49869,76.899
662,51005,89.638
663,951,58.794999999999995
663,664,63.476
664,656,17.328
664,665,155.898
665,666,85.78699999999999
665,1908,63.342999999999996
666,667,82.307
667,668,82.21799999999999
667,1885,178.338
668,50895,8.261
669,1599,124.40299999999999
669,870,135.62800000000001
669,45882,107.612
669,670,96.82
671,672,81.271
672,45885,135.549
672,673,77.325
673,45886,140.90800000000002
673,674,77.892
674,1118,64.472
674,675,93.588
675,964,46.593999999999994
964,675,46.593999999999994
675,1749,154.792
675,30,60.935
676,781,308.55100000000004
677,779,271.139
677,678,81.496
678,533,80.806
678,1859,308.95300000000003
679,680,86.97099999999999
679,2059,309.428
2059,679,309.428
679,1941,273.84599999999995
1941,679,273.84599999999995
680,681,81.35
680,1942,274.484
682,571,74.668
683,1944,274.032
683,213,74.631
684,685,78.157
685,686,86.054
685,1224,309.01900000000006
686,221,83.587
686,1733,309.195
1733,686,309.195
687,688,79.03
688,689,77.958
689,690,78.38499999999999
690,335,170.439
691,336,109.78699999999999
691,692,78.977
692,693,78.426
693,694,78.44399999999999
693,52538,47.922
695,696,82.607
696,338,51.407
697,698,76.885
698,340,108.921
698,699,78.464
700,342,153.42600000000002
700,701,77.922
702,703,84.196
703,704,85.722
704,705,79.57300000000001
705,706,79.751
706,707,78.908
707,708,79.519
709,710,79.922
710,711,80.868
710,1001,272.076
712,713,80.58200000000001
713,714,78.00999999999999
714,1984,272.959
716,717,77.41300000000001
717,718,85.89099999999999
719,720,84.757
721,2749,190.755
722,1279,79.861
723,1275,79.576
723,44151,25.398999999999997
724,1849,79.777
725,726,214.496
725,724,155.435
725,1277,80.828
726,1853,77.932
726,727,229.98199999999997
727,52048,248.154
727,1280,80.147
728,729,45.932
728,52152,62.928999999999995
729,730,88.18199999999999
729,735,98.351
730,615,35.134
731,50377,35.887
731,732,70.113
732,731,70.113
731,54767,56.07200000000001
733,50532,50.269
733,613,68.126
734,2464,75.25500000000001
735,730,39.93
735,734,72.31400000000001
736,1736,273.079
1736,736,273.079
736,41633,80.418
41633,736,80.418
736,41634,95.079
737,52046,9.391
738,2461,273.937
738,737,77.85
739,1267,228.911
739,738,77.817
740,1808,274.123
740,739,79.62
741,251,79.643
743,48939,140.68599999999998
48939,743,140.68599999999998
743,742,84.655
743,744,84.575
744,743,84.575
744,745,77.774
745,744,77.774
745,48942,106.645
745,746,78.57499999999999
746,745,78.57499999999999
746,747,79.08699999999999
747,746,79.08699999999999
747,43927,78.257
43927,747,78.257
747,1160,271.83500000000004
748,54715,14.131
748,43927,78.884
748,2777,267.11799999999994
2777,748,267.11799999999994
749,748,78.98299999999999
749,2995,268.10900000000004
750,54713,10.304
54713,750,10.304
750,749,86.446
750,41497,258.221
41497,750,258.221
751,53208,7.316
751,41493,238.833
752,2334,271.703
752,751,79.354
753,41494,200.19799999999998
753,752,79.334
754,753,79.47399999999999
754,3100,272.16499999999996
755,41495,198.476
755,754,79.442
757,41496,198.43800000000005
757,756,80.01100000000001
758,2009,272.036
758,757,79.87199999999999
759,758,78.639
759,41487,198.96599999999998
760,2603,272.598
761,760,78.764
762,2881,271.97700000000003
762,761,78.54400000000001
763,762,81.88799999999999
763,41661,194.033
764,880,272.84000000000003
764,763,77.85600000000001
765,53248,209.093
53248,765,209.093
765,766,84.77199999999999
766,765,84.77199999999999
765,3090,273.263
3090,765,273.263
765,764,86.47699999999999
766,2879,265.055
2879,766,265.055
766,767,79.818
767,766,79.818
767,46755,79.57
46755,767,79.57
767,50496,127.211
50496,767,127.211
768,871,112.62299999999999
871,768,112.62299999999999
768,54615,18.221
769,1510,186.206
769,872,35.337999999999994
769,768,104.17
770,873,34.531
770,769,48.245999999999995
771,908,99.82600000000001
771,770,49.671
772,852,104.224
772,771,92.522
773,52175,87.168
774,773,46.364
774,911,123.56599999999999
774,1173,32.477000000000004
775,1112,86.215
775,50225,73.608
776,2937,102.02499999999999
776,775,89.783
777,1113,45.867
777,776,55.431999999999995
778,967,70.88499999999999
778,777,31.523
779,778,93.606
779,1115,73.73400000000001
779,967,77.591
967,779,77.591
780,3144,37.165
3144,780,37.165
780,2012,46.039
2012,780,46.039
781,29,74.706
782,392,226.52
782,3068,76.015
783,784,125.68499999999999
783,2966,77.047
784,49794,148.94299999999998
784,2837,76.442
2837,784,76.442
784,2781,74.479
2781,784,74.479
785,786,228.558
785,2227,74.779
786,787,213.48700000000002
786,3064,75.433
787,788,223.964
788,787,223.964
787,2783,74.42
2783,787,74.42
787,3065,76.24499999999999
3065,787,76.24499999999999
788,789,227.64499999999998
789,788,227.64499999999998
788,3066,76.4
3066,788,76.4
788,2784,74.338
2784,788,74.338
789,3067,75.05600000000001
3067,789,75.05600000000001
789,2785,75.611
2785,789,75.611
790,2786,75.5
2786,790,75.5
790,41959,63.777
41959,790,63.777
790,2622,156.38
2622,790,156.38
791,2416,305.894
791,41958,61.563
41958,791,61.563
792,185,227.139
792,2375,63.135
2375,792,63.135
793,66,161.204
793,2951,295.578
794,3031,64.852
3031,794,64.852
794,795,79.901
795,794,79.901
795,43946,99.159
43946,795,99.159
795,3141,111.024
3141,795,111.024
795,796,79.194
796,795,79.194
796,2150,275.41299999999995
796,43945,98.886
43945,796,98.886
796,797,79.984
797,796,79.984
797,798,82.392
798,797,82.392
797,2151,275.68
798,1826,111.795
1826,798,111.795
798,799,312.079
799,798,312.079
799,2153,275.97799999999995
799,1828,160.714
1828,799,160.714
799,800,82.27399999999999
800,799,82.27399999999999
800,43943,175.176
43943,800,175.176
800,801,86.99799999999999
801,800,86.99799999999999
801,802,86.60499999999999
